
1;../../Dataset/Images1_0.jpg;52.30776958701382;4.748529734462444;0
1;../../Dataset/Images1_1.jpg;52.30776958701382;4.748529734462444;0
1;../../Dataset/Images1_2.jpg;52.30776958701382;4.748529734462444;0
1;../../Dataset/Images1_3.jpg;52.30776958701382;4.748529734462444;0
2;../../Dataset/Images2_0.jpg;52.369892811162885;4.816944862232518;0
2;../../Dataset/Images2_1.jpg;52.369892811162885;4.816944862232518;0
2;../../Dataset/Images2_2.jpg;52.369892811162885;4.816944862232518;0
2;../../Dataset/Images2_3.jpg;52.369892811162885;4.816944862232518;0
3;../../Dataset/Images3_0.jpg;52.36674887758901;4.801856906023063;0
3;../../Dataset/Images3_1.jpg;52.36674887758901;4.801856906023063;0
3;../../Dataset/Images3_2.jpg;52.36674887758901;4.801856906023063;0
3;../../Dataset/Images3_3.jpg;52.36674887758901;4.801856906023063;0
4;../../Dataset/Images4_0.jpg;52.36201090707287;4.938127757302828;0
4;../../Dataset/Images4_1.jpg;52.36201090707287;4.938127757302828;0
4;../../Dataset/Images4_2.jpg;52.36201090707287;4.938127757302828;0
4;../../Dataset/Images4_3.jpg;52.36201090707287;4.938127757302828;0
5;../../Dataset/Images5_0.jpg;52.38751408425833;4.827585971287885;0
5;../../Dataset/Images5_1.jpg;52.38751408425833;4.827585971287885;0
5;../../Dataset/Images5_2.jpg;52.38751408425833;4.827585971287885;0
5;../../Dataset/Images5_3.jpg;52.38751408425833;4.827585971287885;0
6;../../Dataset/Images6_0.jpg;52.364821326393425;4.911870775546943;0
6;../../Dataset/Images6_1.jpg;52.364821326393425;4.911870775546943;0
6;../../Dataset/Images6_2.jpg;52.364821326393425;4.911870775546943;0
6;../../Dataset/Images6_3.jpg;52.364821326393425;4.911870775546943;0
7;../../Dataset/Images7_0.jpg;52.38343532834275;4.97018214861688;0
7;../../Dataset/Images7_1.jpg;52.38343532834275;4.97018214861688;0
7;../../Dataset/Images7_2.jpg;52.38343532834275;4.97018214861688;0
7;../../Dataset/Images7_3.jpg;52.38343532834275;4.97018214861688;0
8;../../Dataset/Images8_0.jpg;52.373085766652316;4.854753827136909;0
8;../../Dataset/Images8_1.jpg;52.373085766652316;4.854753827136909;0
8;../../Dataset/Images8_2.jpg;52.373085766652316;4.854753827136909;0
8;../../Dataset/Images8_3.jpg;52.373085766652316;4.854753827136909;0
9;../../Dataset/Images9_0.jpg;52.41298867821811;4.9437427261353015;0
9;../../Dataset/Images9_1.jpg;52.41298867821811;4.9437427261353015;0
9;../../Dataset/Images9_2.jpg;52.41298867821811;4.9437427261353015;0
9;../../Dataset/Images9_3.jpg;52.41298867821811;4.9437427261353015;0
10;../../Dataset/Images10_0.jpg;52.372734732280215;4.895156274435327;0
10;../../Dataset/Images10_1.jpg;52.372734732280215;4.895156274435327;0
10;../../Dataset/Images10_2.jpg;52.372734732280215;4.895156274435327;0
10;../../Dataset/Images10_3.jpg;52.372734732280215;4.895156274435327;0
11;../../Dataset/Images11_0.jpg;52.36399787872231;4.846198139746932;0
11;../../Dataset/Images11_1.jpg;52.36399787872231;4.846198139746932;0
11;../../Dataset/Images11_2.jpg;52.36399787872231;4.846198139746932;0
11;../../Dataset/Images11_3.jpg;52.36399787872231;4.846198139746932;0
12;../../Dataset/Images12_0.jpg;52.36462204178583;4.92491116699896;0
12;../../Dataset/Images12_1.jpg;52.36462204178583;4.92491116699896;0
12;../../Dataset/Images12_2.jpg;52.36462204178583;4.92491116699896;0
12;../../Dataset/Images12_3.jpg;52.36462204178583;4.92491116699896;0
13;../../Dataset/Images13_0.jpg;52.403149932967175;4.917585588740269;0
13;../../Dataset/Images13_1.jpg;52.403149932967175;4.917585588740269;0
13;../../Dataset/Images13_2.jpg;52.403149932967175;4.917585588740269;0
13;../../Dataset/Images13_3.jpg;52.403149932967175;4.917585588740269;0
14;../../Dataset/Images14_0.jpg;52.35587874087929;4.914909523947016;0
14;../../Dataset/Images14_1.jpg;52.35587874087929;4.914909523947016;0
14;../../Dataset/Images14_2.jpg;52.35587874087929;4.914909523947016;0
14;../../Dataset/Images14_3.jpg;52.35587874087929;4.914909523947016;0
15;../../Dataset/Images15_0.jpg;52.323730821286254;4.879824073663335;0
15;../../Dataset/Images15_1.jpg;52.323730821286254;4.879824073663335;0
15;../../Dataset/Images15_2.jpg;52.323730821286254;4.879824073663335;0
15;../../Dataset/Images15_3.jpg;52.323730821286254;4.879824073663335;0
16;../../Dataset/Images16_0.jpg;52.40948627380357;4.761393219644746;0
16;../../Dataset/Images16_1.jpg;52.40948627380357;4.761393219644746;0
16;../../Dataset/Images16_2.jpg;52.40948627380357;4.761393219644746;0
16;../../Dataset/Images16_3.jpg;52.40948627380357;4.761393219644746;0
17;../../Dataset/Images17_0.jpg;52.38959885883678;4.848234639992041;0
17;../../Dataset/Images17_1.jpg;52.38959885883678;4.848234639992041;0
17;../../Dataset/Images17_2.jpg;52.38959885883678;4.848234639992041;0
17;../../Dataset/Images17_3.jpg;52.38959885883678;4.848234639992041;0
18;../../Dataset/Images18_0.jpg;52.38947335389037;4.959107780831853;0
18;../../Dataset/Images18_1.jpg;52.38947335389037;4.959107780831853;0
18;../../Dataset/Images18_2.jpg;52.38947335389037;4.959107780831853;0
18;../../Dataset/Images18_3.jpg;52.38947335389037;4.959107780831853;0
19;../../Dataset/Images19_0.jpg;52.36774743839316;4.89249209902837;0
19;../../Dataset/Images19_1.jpg;52.36774743839316;4.89249209902837;0
19;../../Dataset/Images19_2.jpg;52.36774743839316;4.89249209902837;0
19;../../Dataset/Images19_3.jpg;52.36774743839316;4.89249209902837;0
20;../../Dataset/Images20_0.jpg;52.30320255887916;4.85088342299521;0
20;../../Dataset/Images20_1.jpg;52.30320255887916;4.85088342299521;0
20;../../Dataset/Images20_2.jpg;52.30320255887916;4.85088342299521;0
20;../../Dataset/Images20_3.jpg;52.30320255887916;4.85088342299521;0