,img_id,num_user,attractiveness,familiarity,uniqueness,friendliness,pleasure,arousal,dominance
0,1,5,4,1,3,1,0.1770369466145833,-0.38863155320841225,0.1287038845486111
1,2,5,2,0,2,0,-0.04518527560763892,-0.7834371550761795,-0.3912961154513889
2,3,5,3,0,3,1,-0.049629720052083395,-0.31574755330460147,-0.45351833767361105
3,4,5,3,1,3,1,-0.11629638671875006,-0.049150688343900774,-0.08018500434027773
4,5,5,2,0,2,0,-0.3562963867187501,-0.426118645804633,-0.19129611545138894
5,6,5,2,1,2,1,0.2525925021701389,-0.7316594501980397,-0.1912961154513889
6,7,5,3,0,3,1,0.32814805772569444,-0.8772587106798102,0.06648166232638887
7,8,5,2,0,1,0,-0.17851860894097224,-0.25869151122886896,-0.31185167100694444
8,9,5,3,0,3,1,0.36370361328125,-0.21660051555018564,0.1731483289930555
9,10,5,3,0,3,1,0.3459258355034723,-0.8174863048244749,-0.13796278211805557
10,11,5,2,0,2,1,0.1014813910590278,-0.624414782086664,-0.0046294487847221896
11,12,5,2,0,1,0,-0.05333333333333333,-0.0689148691658116,-0.44018500434027785
12,13,5,2,0,2,1,0.15925916883680552,-0.9617182010870998,-0.18685194227430563
13,14,5,2,1,2,1,0.3325925021701389,-0.6962972407888461,-0.0801850043402778
14,15,5,2,0,2,1,0.025925835503472182,-0.6687256139215575,-0.38240722656250004
15,16,5,2,0,2,0,-0.16074083116319438,-0.4471404363632699,-0.41351833767361124
16,17,5,4,0,4,1,0.49259250217013906,-0.15197591033511593,-0.25796278211805557
17,18,5,3,0,3,1,0.15481472439236105,-0.2952259434566512,-0.00018500434027777097
18,19,5,4,1,3,1,0.412592502170139,0.22625449566392083,-0.4135183376736111
19,20,5,3,0,3,1,0.17259250217013897,-0.1840689107337985,-0.4446294487847223
20,21,5,5,1,4,1,0.8911111111111112,0.7093708680572575,-0.05351833767361114
21,22,5,4,0,4,1,0.7614813910590278,0.1632793445584909,-0.24018500434027779
22,23,5,4,0,4,1,0.5881480577256946,-0.1087795741019943,0.07981499565972221
23,24,5,4,1,4,1,0.8037036132812501,0.3261102572519033,0.07537055121527775
24,25,5,2,0,2,1,-0.16518527560763893,-0.398066002231232,-0.13796291775173614
25,26,5,2,0,2,1,0.43037027994791677,-0.010426350724893174,-0.5246294487847223
26,27,5,3,0,2,1,0.10592583550347227,-0.7603468218266344,-0.18240749782986115
27,28,5,3,0,2,1,0.35481472439236117,-0.6061244787760325,-0.16462944878472222
28,29,5,4,0,4,1,0.6392591688368056,0.11261131078048432,-0.04962944878472218
29,30,5,4,0,4,1,0.4970369466145833,0.13394091966198787,0.1325927734375
30,31,5,4,0,4,1,0.7281480577256945,0.46823922905043214,-0.08518500434027773
31,32,5,4,0,4,1,0.6748147243923611,0.2943100574432661,0.004259440104166656
32,33,5,2,0,2,0,-0.07629638671874998,-0.6158560885827388,-0.12462944878472229
33,34,5,2,0,2,0,0.31703694661458337,0.020770758523608455,-0.32907402886284726
34,35,5,2,0,2,0,0.1370369466145834,-0.8134729193333958,-0.2268516710069445
35,36,5,2,0,2,0,0.008148057725694425,-0.6719872923247008,-0.25351833767361115
36,37,5,4,0,4,1,0.6437036132812499,-0.10271394250788594,-0.09351833767361109
37,38,5,4,1,4,1,0.6259258355034722,0.0698095515342062,0.04870361328124998
38,39,5,4,0,4,1,0.7148147243923612,0.3971654377628955,0.24425944010416667
39,40,5,2,0,2,1,0.36370361328125,-0.2925153165323503,-0.5918516710069445
40,41,5,2,0,2,0,0.1459258355034722,-0.5119213690155769,-0.4001850043402778
41,42,5,2,0,2,0,0.0614813910590278,-0.5795098019213805,-0.04907402886284723
42,43,5,2,0,2,0,0.09703694661458326,-0.23649005797749548,-0.16462944878472227
43,44,5,2,0,2,1,0.24814805772569448,-0.8228500289164138,0.08425944010416667
44,45,5,3,0,2,0,0.3192591688368055,-0.7782206145823858,-0.2801850043402778
45,46,5,2,0,2,1,0.3237036132812501,-0.8157264328982201,-0.009073893229166649
46,47,5,3,0,3,1,0.43037027994791666,-0.7297243550401655,0.004259440104166656
47,48,5,3,1,2,1,0.4992591688368055,-0.4502167248714226,-0.33796291775173615
48,49,5,2,0,2,1,0.14148139105902774,-0.9686741333675923,0.004259440104166651
49,50,5,2,0,2,0,-0.23185194227430558,-0.2342693201180317,-0.4312961154513889
50,51,5,3,1,2,1,0.26148139105902773,-0.7165339179482774,-0.2135183376736111
51,52,5,2,0,2,1,0.03925916883680556,-0.678759308847007,-0.07129611545138885
52,53,5,2,0,2,1,0.292592502170139,-0.32101549847630684,-0.2668516710069445
53,54,5,3,1,3,1,0.41703694661458324,-0.5414640077342933,-0.15129611545138894
54,55,5,3,1,3,1,0.5237036132812499,-0.24223726203670717,-0.11129611545138887
55,56,5,3,1,3,1,0.4170369466145833,-0.7332929268103767,-0.022407226562500004
56,57,5,3,0,3,1,0.05703694661458336,-0.41015195093105533,-0.2801850043402778
57,58,5,3,0,3,1,0.3392591688368056,-0.5144392694953154,-0.18685167100694441
58,59,5,3,0,2,1,0.4792591688368056,-0.48809442488755883,-0.04462944878472223
59,60,5,2,0,2,1,0.1103702799479167,-0.3160917591815853,-0.1512961154513889
60,61,5,4,0,4,1,0.8088888888888889,0.4407518260917054,-0.2783333333333333
61,62,5,4,1,4,1,0.6614813910590278,-0.2683593323378065,0.1287038845486111
62,63,5,4,1,4,1,0.7592591688368058,0.24534822545993298,0.3020372178819445
63,64,5,4,0,4,1,0.6837036132812501,0.3414878548329511,-0.3074072265625
64,65,5,2,0,2,1,0.3148147243923612,-0.18829148342413243,-0.20018500434027783
65,66,5,3,0,3,1,0.2570369466145834,-0.46665907664175615,-0.3290738932291667
66,67,5,3,0,3,1,0.3948147243923612,-0.18152853669276434,0.013148328993055559
67,68,5,3,1,2,1,0.2525925021701389,-0.30276801552053134,-0.4090738932291667
68,69,5,2,0,2,1,-0.08962972005208338,-0.2480194126990946,-0.5379627821180556
69,70,5,2,0,2,1,0.32370361328125,-0.2324345335501979,-0.20018500434027775
70,71,5,4,1,3,1,0.5911111111111111,0.6275363292024869,0.30648166232638896
71,72,5,4,1,4,1,0.7325925021701389,0.47770847294411994,0.05314832899305559
72,73,5,3,0,2,1,0.3681480577256944,-0.6663923918803218,0.08425944010416665
73,74,5,4,0,4,1,0.72370361328125,0.05408830628762333,0.47092610677083335
74,75,5,4,0,4,1,0.5325925021701389,0.3569691578165116,-0.25351833767361115
75,76,5,2,0,2,1,0.4392591688368056,-0.5417696905147024,0.08870388454861107
76,77,5,4,0,4,1,0.8155555555555557,0.8514818590220194,0.18000000000000002
77,78,5,4,1,4,1,0.6948147243923611,0.42590892571113415,0.6511111111111111
78,79,5,4,0,4,1,0.62370361328125,0.683099013296866,0.08870388454861108
79,80,5,4,1,4,1,0.4192591688368056,0.44027353062565255,-0.08462944878472227
80,10001,50,4,0,4,1,0.7061578776041668,0.31016206348747455,0.484215562608507
81,10002,50,3,0,4,1,0.3718911946614584,-0.44638118484951905,0.14844887288411462
82,10003,50,3,0,3,1,0.32722452799479174,-0.4898245288732098,0.20289333767361112
83,10004,50,4,0,4,1,0.6072245279947917,0.2974606890589865,0.48142296006944446
84,10005,50,4,0,4,1,0.4311356336805556,-0.23713424386260054,0.23554333496093752
85,81,5,3,1,3,1,0.6751109483506944,-0.10009246491826991,0.25794447157118056
86,82,5,3,0,3,1,0.34177761501736115,-0.8094296229655086,-0.05761108398437502
87,83,5,4,1,3,1,0.519555392795139,-0.7387622106940872,0.3201666937934028
88,84,5,4,0,3,1,0.5639998372395835,-0.09809434861222696,0.31127780490451396
89,85,5,3,1,3,1,0.4217776150173611,-0.6558903613580525,0.28016669379340275
90,86,5,3,1,2,0,0.14177761501736114,-0.932645414307285,0.16016669379340276
91,87,5,3,1,2,0,-0.04044460720486111,-0.9792306745228828,-0.19983330620659726
92,88,5,3,1,3,1,0.3151109483506945,-0.8646646798687005,0.3379444715711806
93,89,5,2,0,2,0,0.11955539279513894,-0.7943292931808467,-0.03094441731770836
94,90,5,2,0,1,0,0.19511094835069442,-0.9264829298848175,0.062388916015625
95,91,5,3,1,2,1,0.23066650390625004,-0.8914428651256301,-0.07094441731770838
96,92,5,2,1,1,0,0.11066650390624999,-0.6077241055579139,-0.0842777506510417
97,93,5,1,0,2,1,0.11955539279513887,-0.9612686552928904,-0.02205552842881947
98,94,5,4,1,3,1,0.5417776150173611,-0.1506218300875267,0.297388916015625
99,95,5,3,1,3,1,0.3595553927951388,-0.51718476564406,0.142388916015625
100,96,5,3,1,2,1,0.11066650390625006,-0.6425503875688263,0.40016669379340286
101,97,5,4,1,3,1,0.5862220594618056,-0.2556851919130857,0.6135000271267362
102,98,5,4,1,3,1,0.581777615017361,0.14348863787458604,0.7551666937934028
103,99,5,4,1,4,1,0.5862220594618057,0.3130428945778928,0.6618333604600695
104,100,5,4,0,4,1,0.5951109483506947,0.0725722390178126,0.6223889160156251
105,101,5,3,0,3,0,0.12844428168402774,-0.8925274260636803,-0.030944417317708355
106,102,5,4,1,4,1,0.47511094835069445,-0.5192158189328487,0.422388916015625
107,103,5,3,1,2,0,-0.06266682942708336,-0.9289121351675131,-0.11538886176215282
108,104,5,4,1,2,1,0.4484442816840278,-0.46154814269446287,0.41794447157118064
109,105,5,3,1,3,1,0.3595553927951389,-0.22220178813393945,0.11572224934895832
110,106,5,4,1,2,1,0.63066650390625,0.16730476100730485,0.23072224934895838
111,107,5,4,1,4,1,0.5684442816840278,-0.007367186448939522,0.32461113823784726
112,108,5,4,1,4,1,0.6351109483506944,0.022140615774447193,0.5601666937934029
113,109,5,3,0,3,1,0.26622205946180555,-0.5285759472237563,-0.004277750651041712
114,110,5,3,0,3,1,0.2217776150173611,-0.932149283398401,0.12905558268229167
115,111,5,3,0,3,1,0.4039998372395835,-0.8461142091965812,0.2268333604600695
116,112,5,3,1,2,1,0.42622205946180564,-0.593540616557533,0.08905558268229169
117,113,5,3,0,3,1,0.44399983723958336,-0.18353642107845425,0.22238891601562502
118,114,5,3,1,3,1,0.14622205946180553,-0.4596490912769154,0.2268333604600694
119,115,5,3,1,3,1,0.38622205946180554,-0.47203699079253186,0.14683336046006942
120,116,5,2,1,2,0,-0.03155571831597218,-0.6395837690806693,-0.2264999728732639
121,117,5,4,1,3,1,0.5373331705729167,-0.3770609207544967,0.3823889160156251
122,118,5,4,1,4,1,0.5951109483506944,0.01588202952793123,0.5507222493489583
123,119,5,4,0,3,1,0.5417776150173611,0.055777109154938366,0.6822222222222223
124,120,5,3,1,2,1,0.35511094835069457,-0.6379615808015757,0.32461113823784726
125,121,5,3,0,3,0,0.37733317057291665,-0.8518212102105378,0.33794447157118057
126,122,5,4,0,3,1,0.46622205946180567,-0.5176592287345603,0.27572224934895845
127,123,5,4,1,4,1,0.5773331705729167,0.3825066685301301,0.6688888888888889
128,124,5,4,0,4,1,0.5684442816840278,0.34346592114787194,0.6535000271267362
129,125,5,3,1,3,1,0.5195553927951388,-0.4332449966149802,0.3646111382378472
130,126,5,4,1,2,1,0.49733317057291665,-0.5364029966738592,0.49794447157118055
131,127,5,4,1,3,1,0.5106665039062499,-0.5544758708375348,0.48905558268229166
132,128,5,3,1,3,1,0.6662220594618057,-0.2567990538590606,0.49794447157118055
133,129,5,2,1,2,0,0.11066650390625003,-0.9427087856739993,-0.0664999728732639
134,130,5,2,1,2,1,0.18177761501736112,-0.8713446841966839,0.01794447157118053
135,131,5,3,1,2,1,0.32399983723958337,-0.8853385448702248,0.10238891601562497
136,132,5,2,0,2,1,0.21733317057291668,-0.8340899191950693,0.1246111382378472
137,133,5,2,0,3,0,-0.31600016276041665,-0.7071994708874139,-0.20427775065104167
138,134,5,2,0,3,0,-0.31155571831597223,-0.08549058838514915,-0.06649997287326388
139,135,5,3,0,3,0,0.07066650390625004,-0.44330077037220017,0.2046111382378472
140,136,5,1,0,2,0,-0.36933349609375005,-0.5903995257584891,-0.4131666395399306
141,137,5,3,0,2,1,0.22622205946180554,-0.5208611792964175,-0.09761108398437499
142,138,5,3,1,2,1,0.23066650390625004,-0.8487635823292532,0.09350002712673613
143,139,5,3,1,3,1,0.22177761501736115,-0.9646795201182023,0.040166693793402736
144,140,5,3,0,2,1,0.1462220594618055,-0.7984816207944858,0.004611138237847201
145,141,5,3,1,3,1,0.4084442816840278,-0.7852132839773474,0.342388916015625
146,142,5,3,1,2,1,0.4751109483506945,-0.4032472094338152,0.4268333604600695
147,143,5,3,1,2,1,0.5284442816840278,-0.06857097474251253,0.6155555555555556
148,144,5,3,1,2,1,0.3639998372395834,-0.8201069571999652,0.34238891601562504
149,145,5,3,0,4,1,0.3817776150173612,-0.7513398394184014,0.24905558268229172
150,146,5,4,0,2,1,0.5951109483506944,-0.4500036978130403,0.38683336046006944
151,147,5,2,0,4,1,0.3951109483506944,-0.4719875852596556,0.42238891601562506
152,148,5,3,0,3,0,0.07066650390625,-0.47781086119837707,0.21350002712673613
153,149,5,3,1,2,0,0.17733317057291673,-0.6064389921440843,0.20905558268229169
154,150,5,2,1,2,0,-0.22711127387152782,-0.5292009675749106,0.16461113823784723
155,151,5,2,0,2,1,0.34177761501736115,-0.8425423296884731,0.42238891601562506
156,152,5,3,0,3,0,0.14177761501736116,-0.5128237428186412,0.0179444715711806
157,153,5,4,0,3,1,0.48399983723958345,-0.3310924898217048,0.5335000271267362
158,154,5,3,0,4,1,0.6528887261284723,-0.22685171089806225,0.48905558268229166
159,155,5,3,0,4,1,0.3817776150173611,-0.689052509605248,0.5068333604600694
160,156,5,3,0,3,1,0.3639998372395834,-0.7091518868062666,0.2357222493489583
161,157,5,3,0,2,1,0.5062220594618055,-0.21923822926727973,-0.026499972873263933
162,158,5,4,0,4,1,0.6528887261284722,0.3213062650612769,0.34238891601562516
163,159,5,3,0,4,0,0.37733317057291665,-0.4115128322319115,0.34627780490451393
164,160,5,4,0,4,1,0.59066650390625,-0.23168115951482565,0.25794447157118056
165,161,5,2,1,2,0,-0.1838522677951389,-0.658151959006632,-0.21440700954861117
166,162,5,2,0,3,0,-0.3927411566840278,-0.20909258295382105,0.01670396592881942
167,163,5,3,1,3,1,-0.028296712239583344,-0.5198805945794867,0.2078150770399306
168,164,5,3,0,3,1,-0.0016300455729166274,-0.640198557074517,0.13225952148437498
169,165,5,4,0,4,1,0.7094810655381945,-0.12805384282664195,0.40337063259548617
170,166,5,4,0,3,1,0.3013330078125,-0.13325130560784532,0.23892618815104166
171,167,5,4,0,4,1,0.8694810655381945,0.6634238447076093,0.21225952148437507
172,168,5,4,0,4,1,0.2339255099826389,-0.7360795731221618,0.17670396592881948
173,169,5,4,0,4,1,0.82503662109375,0.27043500478055177,0.20337063259548613
174,170,5,4,1,3,1,0.5983699544270833,-0.04584769107328768,0.061148410373263885
175,171,5,4,1,3,1,0.5539255099826389,0.38985235544406904,0.34114854600694444
176,172,5,4,1,3,1,0.5894810655381943,-0.49341379135882485,0.2655927191840279
177,173,5,3,0,2,0,-0.42385226779513896,-0.5823169354026018,-0.001073811848958367
178,174,5,4,1,2,1,0.37614773220486114,0.3542184078087582,0.5011481391059028
179,175,5,3,0,2,1,0.2605921766493056,-0.18892916402301901,0.2922595214843751
180,176,5,4,1,3,1,0.6472588433159723,-0.41790171356125894,0.2255928548177084
181,177,5,3,0,2,1,0.0257774522569445,-0.4448891637136193,-0.06329603407118051
182,178,5,4,0,3,1,0.3094810655381945,0.2065447227591665,0.37670383029513893
183,179,5,4,0,3,1,0.5761477322048612,-0.2928272242154824,0.07448174370659721
184,180,5,4,1,3,1,0.6161477322048612,0.27786120155642796,0.6878150770399306
185,181,5,2,1,2,0,-0.006074490017361112,-0.19802074751240548,0.17670396592881948
186,182,5,4,0,3,1,0.05614773220486102,-0.540847798484149,0.13670383029513886
187,183,5,3,0,2,1,-0.13940782335069443,-0.7216042189908008,-0.0499627007378472
188,184,5,3,0,4,1,0.30059217664930554,-0.027245435286033782,-0.24607381184895835
189,185,5,2,1,2,1,-0.0986669921875,-0.5851683678985775,-0.009962700737847222
190,186,5,3,1,2,1,-0.14829671223958335,-0.330965732530503,-0.10774047851562496
191,187,5,3,1,1,1,0.18059217664930557,-0.3852484516841739,0.20781494140625
192,188,5,3,1,2,1,0.10503662109374998,-0.6134684359621234,0.2967038302951389
193,189,5,2,1,2,0,-0.1705189344618056,-0.16218986413557257,-0.04996283637152778
194,190,5,4,0,4,1,0.8072588433159723,0.182034210375275,0.33670383029513895
195,191,5,4,1,2,1,0.7405921766493055,0.1914601647535821,0.3367039659288195
196,192,5,2,0,3,0,-0.26829671223958335,-0.23955493114787996,0.167259521484375
197,193,5,4,0,4,1,0.8205921766493056,0.5752721808113334,0.7011484103732639
198,194,5,4,0,4,1,0.5405921766493055,0.023288180755055676,0.3322593858506945
199,195,5,1,0,2,0,-0.5216300455729166,0.08762713729925378,-0.09729614257812502
200,196,5,5,0,4,1,0.9272588433159722,0.6942317427109856,0.2499260796440972
201,197,5,3,0,3,1,0.16281439887152777,-0.2947313282488449,0.32337063259548604
202,198,5,3,0,4,1,0.18503662109374996,-0.6813440043042143,0.11892618815104168
203,199,5,3,0,4,1,0.10059217664930553,0.09839723446027233,0.03003729926215276
204,200,5,3,0,4,1,0.09214789496527778,-0.5138963796704024,0.19892618815104168
205,201,4,3,1,2,1,0.6368513319227431,-0.12385210119776252,-0.2020367092556424
206,202,5,4,1,2,1,0.3761477322048611,-0.271502369800204,0.3900372992621528
207,203,5,4,1,1,1,0.14503662109375,-0.7268188423533101,0.07892618815104166
208,204,5,3,1,3,1,0.2561477322048612,-0.06531822169751862,-0.16996270073784725
209,205,5,4,1,4,1,0.5939255099826388,0.2612415415409384,0.26114841037326386
210,206,5,2,1,2,0,-0.39200032552083336,-0.4305552675101535,0.03892618815104161
211,207,5,2,1,2,1,0.03392550998263886,-0.09714228230171176,0.13225938585069447
212,208,5,2,0,2,1,-0.0905189344618055,-0.5176204656918765,0.19448174370659724
213,209,5,3,1,2,1,0.35392550998263894,-0.5866686714683198,0.11003729926215274
214,210,5,3,1,2,1,0.2961477322048612,-0.45705248591170344,-0.0810738118489583
215,211,5,2,1,2,0,-0.3927411566840278,-0.46582319021848945,-0.2632960340711806
216,212,5,3,1,1,1,0.3761477322048612,-0.5413297909830795,-0.09440728081597222
217,213,5,2,0,2,0,-0.7567409939236112,0.19820532988646175,0.17437052408854165
218,214,5,3,0,4,1,0.37614773220486114,-0.6435987992562247,0.3100372992621528
219,215,5,2,1,1,0,-0.57496337890625,-0.03521065109972772,0.07003729926215278
220,216,5,3,1,1,1,0.16281439887152777,-0.22853931596851815,-0.12996270073784727
221,217,5,2,0,3,1,0.10948106553819444,0.031725447293661044,0.36781494140625004
222,218,5,4,1,2,1,0.3894810655381945,-0.6408952941380006,0.33225952148437504
223,219,5,3,0,2,1,0.32725884331597216,-0.10222211438784826,0.42114827473958344
224,220,5,4,0,2,1,0.6339255099826389,-0.10741413591539095,0.2078150770399306
225,221,6,2,1,2,1,0.24678977683738432,-0.47694766395565114,0.2699384901258681
226,222,5,3,0,2,1,0.09170328776041667,-0.4949691231287326,0.10114827473958336
227,223,5,3,1,2,1,0.3717032877604166,-0.6106692756308018,0.11892605251736113
228,224,5,3,1,2,1,0.4428143988715278,-0.6291442288171172,0.21670396592881946
229,225,5,2,0,4,1,-0.04163004557291672,-0.4135913151485532,-0.05440728081597225
230,226,5,3,0,4,1,0.5005921766493057,-0.29506821731295185,-0.16551852756076388
231,227,5,3,0,4,1,0.34948106553819447,-0.5911076246727308,0.14559285481770837
232,228,5,4,0,4,1,0.41614773220486123,-0.41627078863710504,0.3011484103732639
233,229,5,4,0,4,1,0.26948106553819456,-0.4312797310179285,0.37614841037326396
234,230,5,4,1,2,1,0.45614773220486116,-0.14851582376201494,0.21225952148437505
235,231,5,4,1,3,1,0.7317032877604167,0.11341463648531987,0.2454814995659723
236,232,5,4,1,3,1,0.40281439887152787,0.015439930624878076,0.3139261881510417
237,233,5,3,1,3,1,0.3188145616319444,-0.2736834018122775,0.43214830186631953
238,234,5,4,1,2,1,0.33614773220486116,0.15109435461457224,0.6117039659288194
239,235,5,2,0,2,1,-0.07718560112847221,-0.23716531808467947,-0.02329616970486114
240,236,5,4,0,3,1,0.6472588433159723,0.058927922495091156,-0.08107421875000001
241,237,5,2,0,3,0,-0.04163004557291668,-0.5674896232180032,-0.33885172526041674
242,238,5,3,0,3,0,-0.25940782335069457,-0.43351117761786034,0.02559299045138892
243,239,5,3,1,2,0,0.09170328776041659,-0.22974130263611245,-0.08107381184895839
244,240,5,3,1,3,1,-0.0860744900173612,-0.42504459331477945,0.31448174370659726
245,241,5,2,0,1,0,-0.19822238498263883,-0.25143257995683255,0.031222330729166692
246,242,5,1,1,2,0,-0.09600016276041665,-0.9344354501004883,-0.13766655815972223
247,243,5,2,1,2,0,-0.06488905164930552,-0.9849554148203417,-0.057666558159722284
248,244,5,1,1,1,0,-0.19822238498263892,-0.7375025739652743,-0.15988878038194448
249,245,5,2,1,2,1,0.019555392795138904,-0.7562404082528645,0.2978889973958334
250,246,5,3,0,2,1,0.3928887261284722,-0.20665694002330062,0.3906667751736112
251,247,5,4,0,3,1,0.41955539279513887,-0.2537301444068472,0.43066677517361107
252,248,5,2,1,2,1,0.11288872612847223,-0.6661356641999758,-0.1732221137152778
253,249,5,2,1,2,0,0.1573331705729167,-0.7105309048904436,0.0934445529513889
254,250,5,2,1,2,0,-0.3671112738715278,-0.6740476986484971,-0.017666558159722255
255,251,5,2,0,1,0,0.04177761501736106,-0.9358950627471838,-0.022111002604166693
256,252,5,2,1,2,1,0.09511094835069447,-0.5177279204404639,-0.2487776692708333
257,253,5,4,0,4,1,0.4862220594618057,-0.53594388276288,0.3601112196180556
258,254,5,2,0,2,0,-0.25600016276041665,-0.6255803341690082,0.1556667751736111
259,255,5,2,0,2,1,0.17066650390625,-0.8380797782476066,0.10233344184027778
260,256,5,2,0,2,1,0.24622205946180556,-0.522071260569775,-0.21766655815972227
261,257,5,4,1,3,1,0.6417776150173611,0.4560091024302523,0.6134445529513889
262,258,5,2,1,1,1,0.2773331705729167,-0.7654930023160527,0.23122233072916668
263,259,5,3,1,2,1,0.6239998372395834,-0.22504776966523315,0.5201112196180556
264,260,5,2,1,1,1,0.3262220594618056,-0.5394643281115942,0.10233344184027775
265,261,5,2,0,2,0,0.07288872612847233,-0.7137972795866885,0.053444552951388856
266,262,5,2,1,1,1,0.02844428168402776,-0.7042139522288521,-0.1421110026041667
267,263,5,2,1,1,1,0.0684442816840278,-0.8779534707609212,0.10233344184027775
268,264,5,1,0,2,0,-0.03822238498263888,-0.5928175501058079,0.017888997395833318
269,265,5,2,1,2,0,-0.04266682942708335,-0.4364355526760457,-0.2937776692708333
270,266,5,2,1,2,0,-0.08266682942708334,-0.6758322546566189,-0.17766655815972224
271,267,5,2,0,2,0,-0.32266682942708336,-0.8234111129830257,-0.11544447157118054
272,268,5,1,0,2,0,-0.6826668294270835,-0.09818553840472496,-0.4754443359375
273,269,5,2,0,2,0,0.24177761501736122,-0.5734738917089627,-0.3109998914930555
274,270,5,2,0,2,0,0.032888726128472254,-0.847612820723921,0.08900010850694447
275,271,5,3,0,4,1,0.2951109483506944,-0.36040899199813764,0.4490001085069445
276,272,5,2,1,2,0,0.2373331705729167,-0.559293791027606,-0.07099989149305555
277,273,5,2,0,2,1,0.12177761501736106,-0.7297813503260133,0.10677788628472218
278,274,5,2,1,1,1,0.17066650390625007,-0.7854189265127991,0.315666775173611
279,275,5,3,0,2,1,0.2195553927951389,-0.8342159065052327,0.2890001085069445
280,276,5,4,0,3,1,0.63066650390625,0.28562467621639237,0.5690001085069445
281,277,5,3,0,4,1,0.679555392795139,0.2462321685844973,0.3912223307291667
282,278,5,2,0,2,1,0.22399983723958336,-0.7566121199445057,-0.039888780381944544
283,279,5,4,1,4,1,0.8328887261284722,0.33661908287055653,0.43122219509548615
284,280,5,4,1,3,1,0.8195553927951389,0.6112874170234683,0.6084445529513889
285,281,5,2,0,2,1,-0.06044460720486113,-0.32680833315805224,0.18677788628472222
286,282,5,2,0,3,1,0.21066650390625,-0.43904100409912594,0.3284445529513889
287,283,5,3,0,3,1,0.17955539279513888,-0.9302909492652269,0.2178889973958334
288,284,5,3,0,2,1,0.6795553927951389,0.048740209242395915,0.1467778862847222
289,285,5,3,0,3,1,0.09511094835069447,-0.17460550061999908,0.23566677517361106
290,286,5,3,0,4,1,0.41955539279513887,-0.44444611739559586,0.2712223307291666
291,287,5,3,0,2,1,0.28622205946180557,-0.11882438743874449,0.34233344184027786
292,288,5,3,0,2,1,0.3262220594618056,-0.283641499295911,0.4978889973958333
293,289,5,2,1,2,0,0.36177761501736116,-0.30469330386677623,-0.20433322482638888
294,290,5,1,1,1,0,-0.14044460720486113,-0.4498672683420885,-0.026555447048611125
295,291,5,3,0,2,1,0.19733317057291672,-0.5364045608275294,-0.008777669270833299
296,292,5,2,1,2,1,0.22399983723958342,-0.8204485484037857,-0.16433322482638896
297,293,5,2,0,2,1,-0.04711127387152779,-0.9004046470527782,0.031222330729166685
298,294,5,3,0,2,1,0.23733317057291664,-0.7359368373709595,0.30677788628472225
299,295,5,2,1,2,0,0.19288872612847224,-0.6812601328812854,-0.16877766927083343
300,296,5,2,0,2,0,0.11066650390624999,-0.40275729921501596,-0.0665554470486111
301,297,5,3,0,2,1,0.2817776150173612,-0.19921912595227192,0.2890001085069444
302,298,5,2,1,2,1,0.11733317057291667,-0.7592675862347257,0.3023334418402778
303,299,5,3,0,2,1,0.30399983723958335,-0.8081742957905236,0.08900010850694447
304,300,5,2,0,2,1,0.20622205946180547,-0.8756980643285006,0.08455566406250002
305,301,5,3,0,2,1,0.09288872612847221,-0.43707216266966376,0.3156667751736112
306,302,5,2,0,2,0,0.09066650390624995,-0.5731920060100444,-0.07988878038194443
307,303,5,3,1,2,1,0.32177761501736113,-0.6519326659344159,0.2045556640625
308,304,5,2,0,2,0,-0.02488905164930558,-0.6757214446127537,0.10233344184027779
309,305,5,2,1,2,1,0.32177761501736113,-0.48212364459322077,0.36455566406249995
310,306,5,2,1,2,1,0.4862220594618055,-0.17918450324733293,0.35566677517361117
311,307,5,2,0,2,1,0.5373331705729166,-0.20282447586489266,0.07566677517361109
312,308,5,4,0,2,1,0.43288872612847235,0.06697269895198724,0.45733344184027774
313,309,5,2,0,2,1,0.5128887261284722,-0.2836557851926925,0.2667778862847222
314,310,5,4,1,3,1,0.4573331705729167,0.049972839957492,0.5556667751736112
315,311,5,3,0,2,1,0.24177761501736117,-0.6476376135480277,0.1156667751736111
316,312,5,1,0,2,0,-0.11822238498263893,-0.15258656206318827,-0.41322211371527784
317,313,5,3,1,2,1,0.4239998372395834,-0.1195057523190955,0.41288899739583335
318,314,5,4,0,4,1,0.459555392795139,0.09252962726796257,0.5506667751736111
319,315,5,2,0,2,1,-0.1582223849826389,-0.3146206379991422,-0.22655544704861108
320,316,5,3,0,3,1,0.48177761501736116,-0.3621353173309309,0.06233344184027778
321,317,5,3,1,2,1,0.4595553927951389,-0.022777919492221743,0.29788899739583335
322,318,5,2,0,3,1,0.27288872612847226,-0.9117596422167644,0.32455566406249997
323,319,5,2,1,1,0,-0.2782223849826389,-0.2976885850674025,-0.23099989149305555
324,320,5,2,1,1,1,0.06844428168402776,-0.6543416450635712,-0.0932221137152778
325,321,5,2,1,2,0,-0.13333333333333333,-0.3532682116027194,-0.22388888888888897
326,322,5,2,0,3,0,-0.1244444444444444,-0.7969205481355803,0.1272222222222222
327,323,5,2,1,2,0,-0.19999999999999996,-0.5365111409876004,0.07833333333333332
328,324,5,2,1,2,0,-0.12444444444444444,-0.5032996344973572,0.06944444444444442
329,325,5,3,1,3,1,0.062222222222222213,-0.8706424835152926,0.1494444444444445
330,326,5,2,0,2,0,-0.31555555555555553,-0.851204316969857,0.0916666666666667
331,327,5,3,0,3,1,0.008888888888888863,-0.6110839665163001,0.0027777777777777614
332,328,5,3,0,3,1,0.4177777777777778,-0.6392964813877717,0.2161111111111111
333,329,5,3,0,3,1,0.4355555555555557,-0.6620487430381613,0.46499999999999997
334,330,5,3,1,3,1,0.5511111111111111,-0.42153665269394913,0.10055555555555555
335,331,5,3,1,3,1,0.49777777777777776,-0.14967185914555503,0.04277777777777784
336,332,5,3,1,2,1,0.44000000000000006,-0.82791837963932,0.34500000000000003
337,333,5,3,1,3,1,0.5466666666666667,-0.3537346248695998,0.18944444444444447
338,334,5,3,0,3,1,0.2844444444444444,-0.33358701814980785,-0.3438888888888889
339,335,5,3,1,2,1,0.36444444444444446,-0.8839118784973747,0.31388888888888894
340,336,5,2,0,2,0,0.26222222222222225,-0.8187597948545008,0.12722222222222226
341,337,5,2,1,1,1,0.08000000000000004,-0.9837465827310883,0.02944444444444443
342,338,5,3,0,3,1,0.0933333333333333,-0.7978832644376267,0.06055555555555562
343,339,5,3,1,3,1,0.28444444444444444,-0.9338174845680248,0.10055555555555555
344,340,5,3,1,2,1,0.15111111111111117,-0.9818659995143253,0.1716666666666667
345,341,5,3,0,2,1,0.33333333333333337,-0.9658397089702341,-0.03277777777777775
346,342,5,2,0,2,1,-0.2444444444444444,-0.5821992715861372,-0.014999999999999958
347,343,5,2,0,2,0,-0.03555555555555558,-0.8824907740897932,0.14500000000000002
348,344,5,2,1,2,0,-0.06666666666666664,-0.6921490232705759,0.33611111111111114
349,345,5,2,0,3,0,-0.15999999999999998,-0.7409469842346225,0.06944444444444439
350,346,5,3,0,2,1,0.36888888888888893,-0.6577514207609999,0.20277777777777778
351,347,5,2,0,3,0,-0.17333333333333334,-0.18830580297657412,-0.09500000000000006
352,348,5,2,0,2,1,-0.03999999999999996,-0.9656254747339871,0.13611111111111113
353,349,5,2,0,2,1,-0.008888888888888929,-0.7773072562439253,-0.04611111111111117
354,350,5,3,0,2,1,0.27111111111111114,-0.9377426362807302,0.26055555555555554
355,351,5,3,1,2,1,0.08444444444444443,-0.9624641566791178,0.12277777777777776
356,352,5,3,1,2,1,0.3466666666666668,-0.7205396094498868,0.024999999999999953
357,353,5,3,0,3,1,0.17333333333333337,-0.8819002624851319,0.4027777777777778
358,354,5,2,0,3,0,-0.11999999999999997,-0.2824614338402102,0.047222222222222235
359,355,5,3,0,2,1,0.07555555555555563,-0.7286461467493529,0.05166666666666662
360,356,5,2,0,3,0,-0.2266666666666667,-0.8380393732485725,-0.050555555555555576
361,357,5,2,0,2,0,-0.36,-0.590229945810157,0.26055555555555554
362,358,5,2,0,2,0,-0.43555555555555553,-0.7801491696002525,0.38055555555555565
363,359,5,2,1,2,1,-0.10222222222222221,-0.9507173295589508,-0.03722222222222221
364,360,5,3,1,2,1,0.2177777777777778,-0.9427217418931662,0.22944444444444442
365,361,5,2,1,2,1,0.3155555555555556,-0.9265200167216587,0.3405555555555556
366,362,5,3,1,2,1,0.3022222222222223,-0.9295241807595769,0.2605555555555556
367,363,5,3,1,2,1,0.1866666666666667,-0.8768461504810781,0.23833333333333334
368,364,5,3,1,2,1,0.4177777777777778,-0.7103377709283409,0.3716666666666667
369,365,5,4,0,4,1,0.8,0.642065054857835,0.3400000000000001
370,366,5,4,0,3,1,0.7422222222222222,-0.0014582879001673378,0.07388888888888888
371,367,5,3,0,3,1,0.2533333333333333,-0.6360591193827462,0.34944444444444445
372,368,5,4,0,4,1,0.6622222222222224,0.07253562514622516,0.08722222222222224
373,369,5,4,0,3,1,0.7111111111111112,-0.1640145085778471,0.2783333333333333
374,370,5,3,0,3,1,0.5555555555555556,-0.4793970389451608,0.01611111111111113
375,371,5,3,1,3,1,0.35111111111111115,-0.7613868244972753,0.25166666666666665
376,372,5,3,1,2,1,0.2711111111111111,-0.7229101452734573,0.04722222222222218
377,373,5,2,1,2,1,0.12888888888888886,-0.9029703734109195,0.16277777777777774
378,374,5,1,0,2,0,-0.44000000000000006,-0.17609739387019707,0.2827777777777778
379,375,5,1,0,3,0,-0.3466666666666667,-0.43682035731989644,0.025
380,376,5,2,0,2,0,-0.27111111111111114,-0.8094855719643725,-0.032777777777777795
381,377,5,2,0,2,0,-0.25777777777777783,-0.7705287922150129,-0.06388888888888888
382,378,5,2,0,3,0,-0.08888888888888888,-0.5690676907664363,-0.04611111111111109
383,379,5,2,0,3,0,-0.31111111111111106,-0.777565610319674,-0.03722222222222226
384,380,5,2,1,2,0,-0.25777777777777783,-0.6552609131733714,0.08722222222222226
385,381,5,2,0,4,0,-0.04888888888888894,-0.3305836562643311,-0.28611111111111115
386,382,5,2,0,3,0,-0.2,-0.8420438733444678,0.12722222222222224
387,383,5,2,0,3,0,-0.39111111111111113,-0.8096523089520467,0.02944444444444444
388,384,5,2,0,3,0,-0.13333333333333333,-0.885279579299052,-0.08166666666666667
389,385,5,4,0,4,1,0.5688888888888889,-0.3253833065235977,0.513888888888889
390,386,5,4,0,3,1,0.6622222222222222,-0.16925982243434465,0.25611111111111123
391,387,5,3,1,2,1,0.3777777777777778,-0.6126462511213777,0.2516666666666667
392,388,5,3,1,2,1,0.32,-0.9219117821378392,0.24722222222222218
393,389,5,4,0,3,1,0.7288888888888889,0.055822967085097285,0.18499999999999997
394,390,5,3,1,2,1,0.35999999999999993,-0.9383141500716791,0.21611111111111114
395,391,5,3,1,2,1,0.32888888888888895,-0.3936576011024103,0.4561111111111111
396,392,5,3,0,3,1,0.2711111111111112,-0.621526666218514,0.04277777777777778
397,393,5,3,1,2,1,0.07111111111111115,-0.9847084066337539,0.09166666666666665
398,394,5,3,1,3,1,0.52,-0.45115893839715915,0.3316666666666668
399,395,5,4,1,3,1,0.8266666666666668,0.29684854727526006,0.44722222222222224
400,396,5,3,1,3,1,0.31111111111111117,-0.8866713449631103,0.12277777777777779
401,397,5,4,1,3,1,0.768888888888889,0.14117864716271372,0.020000000000000018
402,398,5,4,1,4,1,0.8133333333333335,0.26890855513460676,-0.037777777777777743
403,399,5,4,0,3,1,0.7955555555555557,0.23620866237928606,0.18055555555555558
404,400,5,4,1,3,1,0.7066666666666667,-0.04684368868887501,0.21166666666666661
405,401,5,3,0,3,1,0.441777615017361,-0.41311995567944654,0.27344455295138886
406,402,5,3,0,3,1,0.4639998372395834,-0.4396666248029003,0.3534445529513889
407,403,5,3,1,2,1,0.34844428168402786,-0.35899413951542647,0.2690001085069444
408,404,5,2,1,1,1,0.25955539279513895,-0.30136534349956834,0.10900010850694437
409,405,5,3,0,2,1,0.29066650390625,-0.5339288234209424,0.1445556640625
410,406,5,3,1,3,1,0.3306665039062501,-0.8361435464969859,0.22011121961805555
411,407,5,2,1,2,1,0.14844428168402776,-0.7908497424102094,0.36677788628472224
412,408,5,3,1,2,1,0.31288872612847224,-0.2170527416522698,0.3623334418402778
413,409,5,4,0,4,1,0.6773331705729169,0.5088915367605638,0.6373334418402778
414,410,5,4,1,4,1,0.5395553927951389,-0.19365160672762366,0.5445556640625
415,411,5,3,0,2,1,0.4328887261284723,-0.04159621857124081,0.17566677517361115
416,412,5,3,0,3,1,0.4951109483506945,-0.2553526118026135,0.30900010850694454
417,413,5,4,0,3,1,0.5973331705729168,0.020791909449677792,0.32677788628472226
418,414,5,3,0,2,1,0.28622205946180557,-0.8091444393064895,0.0378889973958333
419,415,5,2,0,2,1,0.19288872612847224,-0.722008591973607,0.26455566406250003
420,416,5,3,1,2,1,0.29511094835069446,-0.5308459699306348,0.2823334418402778
421,417,5,3,0,3,1,0.29066650390625004,-0.25280297342266256,0.02011121961805562
422,418,5,2,0,3,0,0.05511094835069441,-0.6022188288598734,0.06900010850694444
423,419,5,3,0,4,1,0.13066650390625006,-0.8220486994444745,0.27788899739583334
424,420,5,4,0,3,1,0.4151109483506944,-0.4935826820099701,0.2423334418402777
425,421,5,4,0,3,1,0.49511094835069447,-0.02771504113437192,0.49122233072916677
426,422,5,4,0,3,1,0.5173331705729167,-0.12912788306539053,0.49333333333333346
427,423,5,3,0,3,1,0.3839998372395835,-0.3438361443274161,0.40677788628472217
428,424,5,4,1,3,1,0.6822222222222223,0.25468342353386164,0.5356667751736112
429,425,5,4,1,4,1,0.5884442816840278,0.2714174385932241,0.2506667751736111
430,426,5,2,0,2,1,-0.13600016276041668,-0.8641668320958477,0.07788899739583335
431,427,5,3,0,3,1,0.006222059461805607,-0.6430500640931871,0.35788899739583335
432,428,5,4,0,4,1,0.32177761501736113,-0.41557398436514725,0.1534445529513889
433,429,5,1,0,2,0,-0.0071112738715277905,-0.6468158869601126,0.02455566406249999
434,430,5,1,0,2,0,-0.17155571831597224,-0.6785244738844998,0.14900010850694445
435,431,5,2,0,2,0,-0.2960001627604167,-0.5536256795376898,-0.010999891493055535
436,432,5,3,0,2,1,0.2551109483506945,-0.6511937477076288,0.24233344184027777
437,433,5,3,0,2,1,0.2773331705729168,-0.70572444334775,0.2156667751736112
438,434,5,3,0,2,1,0.13955539279513893,-0.6597979867979552,0.1934445529513889
439,435,5,2,1,2,1,-0.15333333333333335,-0.43971653942169764,0.09566677517361108
440,436,5,2,0,3,0,-0.04711127387152778,-0.5422703399416375,0.05122233072916663
441,437,5,2,0,2,1,0.1217776150173611,-0.8328231855024061,0.06455566406250005
442,438,5,2,0,2,1,0.2728887261284722,-0.8753212057655846,0.05122233072916667
443,439,5,3,0,2,1,0.1973331705729167,-0.7330839411870276,0.14900010850694445
444,440,5,1,0,1,1,-0.14488905164930557,-0.4706409493335434,0.09566677517361113
445,441,5,3,1,1,1,-0.05155571831597226,-0.5401092512225765,0.029000108506944476
446,442,5,3,1,2,1,-0.016000162760416613,-0.8520837575227777,0.09566677517361119
447,443,5,3,0,2,1,0.4728887261284722,-0.10867083938848503,0.34455566406249993
448,444,5,3,0,2,1,0.20177761501736113,-0.5744075514433613,0.45122233072916673
449,445,5,3,0,2,1,0.13511094835069448,-0.6154343221847863,0.09566677517361108
450,446,5,2,1,1,1,0.3439998372395834,-0.6110904641450022,0.32677788628472226
451,447,5,3,0,2,1,0.23733317057291675,-0.6405095523621851,0.40233344184027786
452,448,5,3,1,2,1,0.21511094835069447,-0.8845248809423009,0.3223334418402778
453,449,5,3,0,2,1,-0.16711127387152777,-0.4016075969221628,0.2778889973958334
454,450,5,2,0,2,1,-0.21600016276041673,-0.7561483955368749,-0.1398887803819445
455,451,5,3,1,2,1,0.1662220594618056,-0.5403115462324912,0.18900010850694446
456,452,5,3,1,1,1,0.22399983723958333,-0.8554221924749459,0.2601112196180555
457,453,5,2,0,2,1,0.08177761501736111,-0.9443604089352128,0.15344455295138887
458,454,5,2,0,2,0,0.13511094835069448,-0.6371276004605787,-0.050999891493055546
459,455,5,3,0,2,1,0.10844428168402782,-0.5289130729695125,0.17122233072916665
460,456,5,2,0,2,1,-0.15777777777777774,-0.4397921867176386,0.03344455295138892
461,457,5,3,0,2,1,0.23288872612847228,-0.8082016889160833,0.21566677517361107
462,458,5,2,0,2,1,0.1973331705729167,-0.5906513533542774,0.07344455295138892
463,459,5,2,0,2,1,-0.22933349609375,-0.5797414608804758,0.23344455295138883
464,460,5,1,0,2,0,-0.3937779405381945,0.10904077246740443,-0.1487776692708333
465,461,5,1,1,2,0,-0.006666666666666712,-0.2318905006612856,0.08233344184027776
466,462,5,2,0,2,0,0.015555555555555578,-0.023782519939155766,0.13566677517361114
467,463,5,2,0,2,1,0.08177761501736112,-0.7652407146809151,0.2645556640625001
468,464,5,2,1,2,1,0.055110948350694425,-0.06403900104209534,0.033444552951388914
469,465,5,3,0,2,1,0.19288872612847224,-0.12125853883243458,0.28677788628472234
470,466,5,3,0,2,1,0.45955539279513885,-0.5929047667706913,0.2067778862847222
471,467,5,4,0,3,1,0.6328887261284722,-0.1009924820526015,0.17566677517361115
472,468,5,4,0,3,1,0.44622205946180565,-0.2799525624657496,0.3445556640625001
473,469,5,2,1,2,1,0.055110948350694446,-0.3608806294729316,-0.010999891493055603
474,470,5,2,0,2,0,-0.12266682942708332,-0.6955513935406529,-0.10433322482638889
475,471,5,2,0,3,1,-0.029333496093750022,-0.7430002227407371,0.10455566406250003
476,472,5,2,0,2,1,0.22844428168402775,-0.3891942680158259,0.11344455295138886
477,473,5,2,0,2,1,0.05955539279513886,-0.6328974938768586,-0.2243332248263889
478,474,5,2,0,2,1,0.22399983723958328,-0.38171738906488273,0.3401112196180556
479,475,5,2,0,2,1,0.3395553927951389,-0.6000998729242193,-0.033222113715277814
480,476,5,3,0,2,1,0.31288872612847224,-0.5357988292740832,0.11788899739583332
481,477,5,2,0,2,1,0.33511094835069455,-0.3772345163833151,0.25566677517361114
482,478,5,3,0,2,1,0.20622205946180555,-0.7800615479147949,-0.12655544704861113
483,479,5,3,0,2,1,0.26844428168402773,-0.3870199881859371,0.34900010850694446
484,480,5,2,0,2,1,0.13955539279513893,-0.935404804654417,0.21566677517361113
485,481,5,3,1,2,1,0.23703694661458333,-0.5202677685478505,-0.06851833767361108
486,482,5,3,1,2,1,0.054814724392361125,-0.5306172607747885,-0.03185167100694447
487,483,5,3,0,2,1,0.2681480577256944,-0.08571050414055721,-0.018518337673611086
488,484,5,3,1,2,1,0.18814805772569448,-0.5034260040826457,0.26592610677083334
489,485,5,2,1,2,1,0.07259250217013892,-0.4651917640522438,0.24703721788194452
490,486,5,3,1,2,1,0.09481472439236106,-0.37572391923976445,0.2681483289930555
491,487,5,3,1,2,1,0.3081480577256945,-0.42781923618304624,0.21592597113715278
492,488,5,3,1,3,1,0.3125925021701389,-0.04999428176053957,0.43925930447048617
493,489,5,4,1,3,1,0.6103702799479167,-0.20382722032479883,0.23481499565972222
494,490,5,3,1,2,1,0.1570369466145833,-0.4492042097353345,0.2170372178819444
495,491,5,4,0,2,1,0.00592583550347221,-0.24688813492099562,0.15425944010416665
496,492,5,3,1,3,1,0.4192591688368056,0.09867684227198052,0.20814832899305555
497,493,5,3,1,2,1,0.16592583550347217,-0.12667170268419384,0.08370388454861111
498,494,5,2,1,2,1,-0.19407416449652778,-0.5904101304483598,-0.15185167100694447
499,495,5,2,0,3,0,0.041481391059027754,-0.5238678928314854,-0.22740736219618057
500,496,5,1,1,2,0,-0.5096297200520834,0.06604071623312602,0.5992594401041667
501,497,5,3,1,2,1,0.23259250217013894,-0.4762481769054968,0.07925944010416669
502,498,5,4,0,4,1,0.26503689236111116,0.45698947225440134,-0.0007405598958333482
503,499,5,4,1,3,1,0.34370361328125004,-0.41068401156740475,0.24370388454861108
504,500,5,4,1,4,1,0.3081480577256944,-0.21948919580363838,0.09148166232638888
505,501,5,3,0,4,1,0.32592583550347226,-0.6106954002667223,0.2781483289930556
506,502,5,3,1,3,1,-0.1629630533854167,-0.4770099434162267,0.17259277343749999
507,503,5,3,1,2,1,-0.11274088541666669,0.09437875270459006,0.1281483289930556
508,504,5,2,1,2,0,-0.08740749782986111,-0.7503622559167452,0.3681483289930556
509,505,5,4,0,4,1,0.9170369466145833,0.658367525458693,0.2981483289930556
510,506,5,5,0,4,1,0.9037036132812502,0.7494261032244889,0.7187038845486111
511,507,5,4,0,4,1,0.31703694661458337,0.17400748738617944,0.12703721788194447
512,508,5,2,0,4,0,0.010370279947916661,0.17964870563281984,0.10592610677083329
513,509,5,2,0,4,0,-0.0651852756076389,-0.6081479649271392,0.15925944010416665
514,510,5,2,0,3,1,0.09481472439236116,-0.3899551542231265,0.2148149956597222
515,511,5,2,0,4,1,-0.08296305338541672,-0.40087847210957933,-0.2007405598958334
516,512,5,2,0,4,0,-0.29185194227430555,0.0027208225825714914,-0.045185004340277765
517,513,5,4,0,2,1,0.4859258355034723,-0.321652461959503,0.23481499565972222
518,514,5,4,0,3,1,0.3392591688368056,-0.14508473723038554,0.43925944010416673
519,515,5,4,1,4,1,0.47259250217013904,-0.3097000997720732,0.23037055121527777
520,516,5,4,0,3,1,0.09037027994791672,0.48711784095582883,0.24037055121527776
521,517,5,3,1,2,1,-0.2029630533854167,-0.6458886821598603,-0.1918516710069445
522,518,5,3,1,2,1,0.08592583550347224,-0.39851939135498426,0.2081480577256944
523,519,5,3,0,2,1,0.22370361328125005,0.05541284891405189,0.07481499565972224
524,520,5,3,1,2,1,0.2370369466145834,-0.9342000073313198,0.048148328993055545
525,521,5,2,0,3,1,0.05037027994791664,-0.6893026143659962,0.10592610677083333
526,522,5,4,1,2,1,0.5748147243923611,-0.06052472168226297,0.3320372178819445
527,523,5,3,0,4,1,0.47703694661458335,-0.16268523664780168,0.17703721788194443
528,524,5,4,0,4,1,0.7614813910590278,0.11069989159489375,-0.05851833767361112
529,525,5,3,1,2,1,0.36148139105902777,-0.22945438856925415,0.20370388454861113
530,526,5,1,0,2,0,-0.5007408311631945,0.04796342957110045,0.3103705512152778
531,527,5,3,1,4,1,0.3881480577256945,-0.4907405019139309,-0.050740559895833315
532,528,5,2,0,2,1,-0.1674074978298611,-0.7010122896562321,-0.2074072265625
533,529,5,2,1,3,0,0.22370361328125,-0.18482853819363815,0.24759277343750002
534,530,5,3,1,3,1,0.5125925021701389,-0.43133570437303137,0.4337038845486112
535,531,5,3,0,3,1,0.3881480577256945,0.35560623653101997,0.45592610677083345
536,532,5,4,1,4,1,0.5925925021701389,0.35609336709657324,0.5412223307291667
537,533,5,3,0,3,1,0.432592502170139,-0.17165813339413835,0.2925927734375
538,534,5,4,1,4,1,0.7970369466145834,0.4895575815970757,0.13259277343750012
539,535,5,3,0,4,1,-0.03851860894097221,0.40873144045199955,0.08703721788194443
540,536,5,3,0,4,1,0.1214813910590278,0.08307720266215615,0.03481499565972221
541,537,5,3,1,3,1,0.4370369466145834,-0.4146667597519763,0.1770372178819445
542,538,5,4,1,4,1,0.2948147243923612,-0.5327572925137908,0.32370388454861115
543,539,5,4,0,3,1,0.8059258355034723,0.3457973101811051,0.1492594401041667
544,540,5,4,0,3,1,0.3392591688368055,-0.11157861522968218,0.28814832899305565
545,541,5,2,0,3,0,-0.4207408311631945,-0.3283805773365786,0.2648149956597223
546,542,5,2,0,2,0,-0.23851860894097224,-0.5570839769320068,0.24370388454861108
547,543,5,2,1,2,0,-0.14518527560763897,-0.9603134569540573,0.05592610677083328
548,544,5,2,1,2,0,-0.37629638671875,-0.45468791301548883,-0.16518500434027783
549,545,5,2,0,2,1,-0.028296440972222246,0.328543836564147,0.0020370822482639107
550,546,5,2,0,2,0,-0.4962963867187501,0.017046207476341467,0.5142594401041667
551,547,5,2,0,3,1,-0.04740749782986111,-0.15904733866297055,0.003703884548611136
552,548,5,2,1,2,1,0.05037027994791665,-0.2002111978398516,0.2814816623263889
553,549,5,4,1,4,1,0.6431111653645833,0.1908583082053135,0.5103705512152779
554,550,5,3,1,3,1,0.4148147243923611,-0.6887234736103085,0.26037055121527775
555,551,5,4,1,4,1,0.7303702799479167,0.348608805787243,0.1503705512152778
556,552,5,4,0,4,1,0.7970369466145834,0.7121129046168734,-0.0029627821180555403
557,553,5,4,1,2,0,0.4370369466145833,-0.16327027333825467,0.43925944010416673
558,554,5,2,0,2,0,0.010370279947916684,-0.7139667443611273,-0.0229627821180556
559,555,5,2,1,2,0,-0.056296386718749966,-0.5938122841007185,0.2659259711371528
560,556,5,2,1,2,0,0.04592583550347218,-0.34483773919183974,0.2592594401041667
561,557,5,2,1,2,1,-0.19851860894097223,-0.6911330726777823,0.04925944010416668
562,558,5,2,0,3,1,0.4281480577256945,-0.3984960892413827,-0.03296278211805557
563,559,5,4,0,4,1,0.2859258355034722,0.1397642581581441,-0.2279627821180555
564,560,5,3,1,2,1,-0.0874074978298611,-0.6323863592959309,-0.15296278211805553
565,561,5,1,0,2,0,-0.5115557183159722,0.185237743345876,-0.598055419921875
566,562,5,3,0,2,1,0.08355523003472223,-0.9715203865421804,0.121944580078125
567,563,5,4,1,3,1,0.3546663411458333,-0.26894036946050676,0.3975000000000001
568,564,5,2,1,2,0,-0.18711127387152784,-0.5573176391300362,0.01972235785590276
569,565,5,2,0,2,0,-0.08977810329861116,-0.19080571973006005,0.2730555555555555
570,566,5,3,1,2,1,0.38577745225694443,-0.5598554585083486,0.2241668023003472
571,567,5,3,0,4,0,0.40355523003472227,-0.13299617337555775,0.20194458007812505
572,568,5,2,0,2,1,-0.014222547743055581,-0.3313656024476511,0.050833468967013885
573,569,5,2,0,2,0,0.10133300781249995,-0.5479052481121999,0.30416666666666664
574,570,5,2,0,2,0,-0.4586669921875,-0.5337492996220429,0.001944580078124991
575,571,5,2,1,2,0,-0.24088921440972227,-0.791583220261899,0.08194458007812502
576,572,5,4,0,2,1,0.5057774522569445,-0.20979501257574612,0.4019444444444445
577,573,5,2,1,2,1,0.39022189670138885,-0.39088114053957695,0.16194471571180552
578,574,5,4,1,2,1,0.7946663411458333,0.22910501502138803,0.5797222222222222
579,575,5,3,0,1,1,0.2079996744791667,-0.6055636356441907,0.37083346896701397
580,576,5,4,1,3,1,0.7457774522569445,0.05173549758881855,0.4152779134114583
581,577,5,2,0,2,0,-0.08088921440972222,-0.13902166860549361,0.015277913411458321
582,578,5,2,1,2,0,-0.10311143663194451,-0.8932065020075628,0.16638902452256948
583,579,5,2,0,2,1,-0.018666992187499974,-0.6809609252456954,0.18861124674479166
584,580,5,2,0,2,1,-0.08533365885416665,-0.9331515458390658,0.36638902452256944
585,581,5,3,1,3,1,0.4168885633680556,-0.2069708996766127,0.441944580078125
586,582,5,4,0,4,1,0.39022189670138896,-0.2140724383888787,0.015277913411458299
587,583,5,3,0,3,1,0.24355523003472226,-0.6984568975977812,0.2063890245225694
588,584,5,3,0,1,1,0.2613330078125,-0.8852444443085628,0.25527804904513896
589,585,5,2,0,2,0,-0.21422254774305555,-0.8618028789670487,0.24194458007812497
590,586,5,2,1,2,1,0.05244411892361108,-0.787277166581309,0.24638902452256944
591,587,5,4,0,3,1,0.38577745225694454,-0.34974279759965465,0.3352779134114584
592,588,5,4,1,2,1,0.5773331705729167,-0.2846054828989781,0.20638902452256946
593,589,5,4,1,3,1,0.6746663411458333,0.19730358245941065,0.4997223578559028
594,590,5,4,0,3,1,0.5546663411458332,0.14274933327291453,0.4040555826822917
595,591,5,4,1,4,1,0.7777777777777779,0.24460644555161076,0.41972235785590284
596,592,5,3,1,3,1,0.39022189670138896,-0.4818123756482654,0.3975001356336806
597,593,5,3,0,2,1,0.21244411892361112,-0.5415795584946779,0.2863890245225694
598,594,5,4,0,2,1,0.2657774522569444,-0.5618222448377953,0.4063890245225695
599,595,5,3,0,3,1,0.33244411892361114,-0.5506841373710178,-0.03361097547743057
600,596,5,2,0,2,0,-0.3164447699652778,-0.6821928624596578,-0.22027764214409729
601,597,5,3,1,2,1,0.46177761501736114,-0.18539149156318188,0.45916680230034723
602,598,5,2,1,2,1,0.11911078559027777,-0.2153316627190171,0.04194458007812503
603,599,5,4,0,4,1,0.7551109483506945,0.11359161879434716,0.6591668023003472
604,600,5,3,0,3,1,0.2617776150173611,-0.489295047346231,0.4330556911892362
605,601,5,2,0,4,0,-0.3742225477430556,-0.6579415710485155,0.04638902452256942
606,602,5,1,0,4,0,-0.36977810329861116,-0.0316986846595285,-0.39416653103298616
607,603,5,2,0,3,0,-0.0720003255208334,-0.963953998697689,-0.01583319769965273
608,604,5,2,0,2,0,-0.39155571831597225,-0.5288701384454175,-0.020277777777777766
609,605,5,4,0,4,1,0.6791107855902778,0.04508262471013826,0.35305569118923613
610,606,5,4,0,4,1,0.23911078559027774,0.19716498146319805,0.21916680230034724
611,607,5,4,0,3,1,0.7368885633680556,0.1420307909578534,0.30805569118923615
612,608,5,4,0,2,1,0.1502218967013889,-0.957883846331729,0.36638902452256944
613,609,5,4,1,3,1,0.3724441189236111,-0.5520891387511013,0.41972235785590284
614,610,5,3,0,3,1,0.0568885633680556,-0.9598262946785002,0.3352777777777778
615,611,5,4,1,2,1,0.4568885633680556,-0.67870939762026,0.27305555555555555
616,612,5,3,1,2,1,0.5413330078125,-0.1283865360502257,0.3175001356336806
617,613,5,2,0,2,0,-0.2853336588541667,-0.9314308023569297,0.03305555555555552
618,614,5,2,0,2,0,-0.1697781032986111,-0.9808626463655438,0.12638902452256945
619,615,5,2,0,2,0,-0.24533365885416666,-0.5545031987613612,0.050833468967013906
620,616,5,2,0,3,1,0.1595553927951389,-0.5965937879261152,0.2508334689670139
621,617,5,4,0,4,1,0.6751109483506945,0.2667722891795573,0.38861124674479175
622,618,5,4,0,4,1,0.6168885633680554,-0.14707451945923158,0.41972235785590284
623,619,5,4,1,4,1,0.6257774522569444,0.08340653112049971,0.5708334689670139
624,620,5,4,1,3,1,0.6479996744791666,0.2379719117503328,0.3702779134114583
625,621,5,3,1,2,1,0.13688856336805555,-0.84851649470141,0.3175001356336806
626,622,5,3,0,2,1,0.3413330078125,-0.6723309875480599,0.29527791341145837
627,623,5,3,1,2,0,0.06577745225694445,-0.28204746199443925,0.13972249348958332
628,624,5,4,1,2,1,0.5413330078125,-0.32060442360258706,0.1619447157118056
629,625,5,3,0,3,0,0.2524441189236112,-0.36276032420893317,-0.020277642144097184
630,626,5,3,0,2,1,0.16355523003472222,-0.6523645342938136,0.13527791341145834
631,627,5,2,0,1,1,0.007999674479166597,-0.505536287712319,0.2063890245225694
632,628,5,4,0,3,1,0.5502218967013889,-0.5633896235273383,0.31305569118923615
633,629,5,3,1,3,1,0.3813330078125,-0.5949104913237886,0.2641668023003473
634,630,5,4,1,3,1,0.5013330078125,-0.3498759477452148,0.10861124674479165
635,631,5,3,0,4,1,0.25244411892361107,-0.08649822975293109,0.25083346896701386
636,632,5,4,1,2,1,0.15466634114583333,-0.9565635191461483,0.3441668023003473
637,633,5,4,0,4,1,0.47911078559027775,-0.20585208557743492,0.29083346896701395
638,634,5,3,0,2,1,0.33244411892361103,-0.8684566664082327,0.23749999999999996
639,635,5,4,0,3,1,0.4924441189236111,-0.16078456586518167,0.3175001356336805
640,636,5,4,0,4,1,0.7013330078125001,0.040692246205016505,0.4286112467447917
641,637,5,4,0,4,1,0.6479996744791666,0.18681734848159381,0.25527791341145833
642,638,5,4,0,4,1,0.49688856336805554,0.01956482238563719,0.37972249348958337
643,639,5,4,1,3,0,0.4924441189236111,-0.3035910239802993,0.08194458007812497
644,640,5,4,0,4,1,0.6262220594618055,0.19233030558686962,0.1663888888888889
645,641,5,4,1,4,1,0.7820244683159723,0.2825007681747135,0.5941544596354167
646,642,5,4,0,4,1,0.63980224609375,0.28014234204588573,0.56248779296875
647,643,5,4,1,4,1,0.3731355794270834,0.09867594119104553,0.7763768174913195
648,644,5,5,1,4,1,0.7864689127604167,0.22865311951211081,0.6608211263020833
649,645,5,2,1,3,0,0.13758002387152776,-0.918777370124017,0.2563768174913196
650,646,5,3,1,4,1,0.13313557942708337,-0.6702507177668591,0.3141545952690972
651,647,5,3,0,2,1,0.23535780164930556,-0.6424064228432995,0.18526570638020834
652,648,5,3,1,2,1,0.2309133572048611,-0.3021312498154983,-0.09473429361979166
653,649,5,3,0,4,1,0.33758002387152786,-0.776013943534468,0.37637654622395844
654,650,5,3,1,3,0,0.19091335720486113,-0.7068352079636806,0.24748779296875
655,651,5,2,0,2,0,0.04869113498263892,-0.594878840956133,-0.28584554036458343
656,652,5,4,1,3,1,0.1375800238715278,-0.7292655386276754,0.2785990397135417
657,653,5,3,1,2,0,0.15091335720486113,-0.7808693845740491,0.21193237304687496
658,654,5,3,1,3,1,0.43535780164930554,-0.5345094237419923,0.47859890407986116
659,655,5,2,1,2,0,-0.14241997612847226,-0.514849631716501,-0.39695651584201397
660,656,4,2,0,2,1,0.049444240993923624,-0.5695380721148429,-0.19499986436631947
661,657,5,3,1,2,0,0.23535780164930556,-0.6422947493188363,0.21193237304687504
662,658,5,2,1,2,1,0.035357801649305534,-0.6274253364774307,0.2608211263020834
663,659,5,2,1,3,0,0.11535780164930556,-0.9529570969594945,0.025265570746527778
664,660,5,2,1,2,0,0.3375800238715278,-0.5892685887283398,-0.05917873806423605
665,661,5,3,1,2,1,0.27535780164930557,-0.4602288633452293,0.24748779296875
666,662,5,4,1,4,1,0.3109133572048612,-0.43263293313566376,0.331932373046875
667,663,5,4,1,4,1,0.5153578016493057,0.21973551298753308,0.7091544596354167
668,664,5,3,1,3,1,0.35091335720486116,-0.6517264834229948,0.11415445963541668
669,665,5,4,1,3,0,0.14646891276041663,-0.8047308602203908,0.0785989040798611
670,666,6,2,1,2,0,0.007242612485532427,-0.7798029320640207,0.021517605251736117
671,667,5,3,1,2,1,-0.08019775390625,-0.39561638248292874,0.18970987955729166
672,668,4,2,0,2,0,0.1330861409505208,-0.9793109921888092,-0.058001200358072984
673,669,5,3,0,3,0,0.19091335720486113,-0.805863106765587,0.05637681749131945
674,670,5,2,1,2,1,-0.05797553168402778,-0.8502291226293966,-0.08140096028645834
675,671,5,2,1,2,0,-0.3735310872395834,-0.42032589660517,0.007487792968749962
676,672,5,2,1,3,0,-0.07575330946180556,-0.4049408800296771,-0.17917873806423615
677,673,5,3,1,2,1,0.2620244683159722,-0.7943245432026991,0.08748806423611111
678,674,5,3,1,3,0,0.17758002387152777,-0.2709663897984631,0.29637668185763894
679,675,5,4,1,3,1,0.4442466905381945,-0.4495303729209489,0.4741544596354167
680,676,5,2,1,2,0,-0.28908664279513896,-0.032413638945752755,-0.6552898491753473
681,677,5,3,1,2,1,0.14646891276041668,-0.7765890177091745,0.02526570638020832
682,678,5,3,1,3,1,0.26202446831597226,-0.24865269075966728,0.09193250868055561
683,679,5,3,1,3,1,0.31980224609374996,-0.4799380618959626,0.27415445963541674
684,680,5,3,1,3,0,0.1420244683159722,-0.730347487562429,0.05193237304687502
685,681,5,4,0,4,1,0.4220244683159723,-0.5827110181491619,0.3674879286024305
686,682,5,4,1,3,1,0.408691134982639,-0.5583942114716901,0.3185990397135417
687,683,5,4,0,4,1,0.4975800238715279,-0.4170220431793846,0.291932373046875
688,684,5,3,0,3,1,0.26646891276041673,-0.7632795006874862,0.2697101508246528
689,685,5,4,0,4,0,0.5375800238715278,-0.30212829346777703,0.46082112630208344
690,686,5,4,0,3,1,0.15535780164930552,-0.7439321765163951,0.2963768174913194
691,687,5,3,0,2,0,0.04869113498263887,-0.628763542614752,0.1808212619357639
692,688,5,2,0,3,1,-0.03575330946180555,-0.7907086534036114,-0.22362318250868052
693,689,5,4,1,3,1,0.24424669053819442,-0.8532610638970797,0.2963766818576389
694,690,5,3,0,3,1,0.1464689127604168,-0.8108899915464651,0.17637681749131945
695,691,5,4,1,4,1,0.5331355794270835,-0.3218556392468791,0.5141545952690972
696,692,5,3,1,3,1,0.3109133572048612,-0.6538836044186698,0.20748792860243057
697,693,5,3,1,3,1,-0.07130886501736117,-0.6188516858550177,0.016376817491319452
698,694,5,2,0,3,1,0.13758002387152773,-0.5943583941607617,0.1541547309027778
699,695,5,3,1,3,1,0.4269135199652778,-0.5282960465818249,0.2519322374131945
700,696,5,2,1,2,1,0.07980224609375001,-0.7716844204955348,0.18526557074652772
701,697,5,2,1,2,0,-0.0979755316840278,-0.9418271938980615,0.08304348415798614
702,698,5,3,1,3,1,0.1909133572048612,-0.5236891276931177,0.02082112630208328
703,699,5,2,1,2,0,-0.0046421983506944155,-0.3360881486262962,-0.40584554036458326
704,700,5,2,1,2,0,-0.08908664279513892,-0.6340375232569487,0.17637668185763888
705,701,5,2,0,2,0,-0.24908664279513895,-0.37361581123271614,-0.46362331814236113
706,702,5,3,1,3,0,0.15980224609375,-0.8494875995836229,0.06526557074652775
707,703,5,2,1,2,0,-0.1690866427951389,-0.9654002372615282,-0.005845404730902781
708,704,5,3,1,3,0,0.08869113498263895,-0.6323028572988327,0.2474879286024306
709,705,5,2,1,2,0,-0.20464219835069447,-0.7890403210128943,-0.4058455403645834
710,706,5,2,0,2,0,-0.28019775390625,-0.42149901865204675,-0.1925120713975695
711,707,5,2,0,2,0,-0.009086642795138867,-0.8386517434011391,0.1230434841579862
712,708,5,2,1,2,0,-0.29353108723958327,-0.5299047854253895,0.051932373046874945
713,709,5,2,1,2,0,-0.017975531684027768,-0.9010134050633013,0.09637681749131946
714,710,5,2,1,3,0,0.008691134982638871,-0.8387206551323061,-0.03251220703125
715,711,5,2,0,2,0,-0.3957533094618056,-0.6822044632840727,-0.18806776258680555
716,712,5,2,1,2,0,-0.1913088650173611,-0.7204077807879755,-0.07695638020833331
717,713,5,4,1,4,1,0.5109133572048612,0.04600651690552626,0.3230434841579861
718,714,6,3,0,3,0,0.2296705457899305,-0.48288305836694684,0.15729460539641205
719,715,5,4,1,4,1,0.6220244683159722,0.1318501377559702,0.5758213975694445
720,716,5,4,1,3,1,0.5331355794270835,-0.07953894469095357,0.44304361979166673
721,717,5,2,1,3,0,0.04869113498263892,-0.9050768917373035,0.211932373046875
722,718,5,3,0,4,0,0.31535780164930544,-0.302852762088876,0.14971015082465278
723,719,5,4,0,4,1,0.3464689127604167,-0.3136627503957855,0.49193223741319453
724,720,5,2,0,2,0,-0.06686442057291668,-0.8151780429772625,-0.1791787380642361
725,721,5,3,1,3,1,0.3955555555555556,-0.29211157858635833,0.11833333333333332
726,722,5,3,1,2,1,0.39555555555555555,-0.3620839773058749,-0.07277777777777784
727,723,5,4,1,3,1,0.7244444444444446,0.15558852948532406,-0.07722222222222228
728,724,5,3,0,2,1,0.4666666666666668,-0.44371510261535524,0.2916666666666667
729,725,5,3,1,2,0,-0.13333333333333333,-0.8756965679735396,0.047222222222222235
730,726,5,2,1,2,0,0.18222222222222215,-0.8929605879564727,-0.023888888888888942
731,727,5,3,0,2,1,0.28888888888888886,-0.6878948991739093,0.07388888888888888
732,728,5,2,0,3,0,-0.07555555555555556,-0.19965498536154114,-0.2772222222222223
733,729,5,2,0,2,0,-0.1377777777777778,-0.2930387220936554,0.2961111111111111
734,730,5,2,0,4,0,-0.3355555555555556,0.4360235499507857,-0.11333333333333331
735,731,5,2,0,2,0,0.031111111111111155,-0.5161361945532933,0.15388888888888896
736,732,5,2,0,3,0,0.09777777777777777,-0.6952823245326801,-0.01500000000000001
737,733,5,3,1,3,1,0.2488888888888888,-0.8637608593918149,0.28277777777777785
738,734,5,4,0,4,1,0.608888888888889,0.05978527734723913,0.2688888888888889
739,735,5,3,1,3,1,0.428888888888889,-0.5544476712724927,0.3583333333333334
740,736,5,3,1,2,1,0.2711111111111111,-0.7624406813834287,-0.0905555555555555
741,737,5,3,1,3,1,0.2800000000000001,-0.5584144522727553,0.18500000000000003
742,738,5,3,0,3,1,0.288888888888889,-0.5138769011294365,0.3094444444444445
743,739,5,3,1,2,1,0.4,-0.5930236333891398,0.0961111111111111
744,740,5,3,1,2,1,0.4244444444444445,-0.2470265781602973,0.23388888888888895
745,741,5,3,0,3,1,0.26222222222222225,-0.2662840500841767,0.038333333333333344
746,742,5,3,0,2,1,0.022222222222222216,-0.6910312208154422,-0.10833333333333335
747,743,5,4,1,4,1,0.5022222222222223,-0.43179018844625805,0.14944444444444444
748,744,5,3,1,4,1,0.49333333333333335,-0.5617937660792771,0.2872222222222222
749,745,5,3,0,3,1,-0.008888888888888898,-0.9883761125089805,0.02055555555555553
750,746,5,2,0,2,1,0.0711111111111111,-0.808130254765292,-0.08166666666666668
751,747,5,4,0,4,1,0.6044444444444446,0.14655655462459988,0.22055555555555556
752,748,5,2,0,2,0,0.4755555555555556,-0.33527936002957837,-0.18833333333333338
753,749,5,4,0,4,1,0.78,0.4633196537522819,-0.0772222222222223
754,750,5,4,1,4,1,0.7933333333333334,0.6241947258791235,0.29555555555555557
755,751,5,4,1,4,1,0.6555555555555556,0.12937381908644136,0.16722222222222224
756,752,5,4,1,4,1,0.72,0.35124040366093123,0.26888888888888884
757,753,5,3,0,3,1,0.4666666666666667,-0.5675330248204637,0.38500000000000006
758,754,5,3,1,2,1,0.4444444444444445,-0.6542512903726757,0.28277777777777785
759,755,5,3,0,4,1,0.4133333333333334,-0.12166489656920672,0.05611111111111107
760,756,5,3,0,2,1,0.38666666666666666,-0.6245250318200841,0.10499999999999998
761,757,5,4,1,3,1,0.36888888888888893,0.049598157505746254,0.41555555555555557
762,758,5,3,1,3,1,0.4133333333333334,-0.4979789559851483,0.22055555555555556
763,759,5,3,1,3,1,0.6022222222222224,-0.20384498250522723,0.15388888888888888
764,760,5,3,1,2,1,0.3244444444444444,0.01897221100865736,-0.12166666666666667
765,761,5,3,1,4,1,0.5355555555555556,0.119188343650908,0.13166666666666668
766,762,5,2,0,2,0,-0.16888888888888887,-0.6531792945526111,0.08722222222222219
767,763,5,2,0,2,0,-0.36000000000000004,-0.45289212694808223,-0.1616666666666667
768,764,5,2,0,2,0,-0.08888888888888886,-0.6552501399148263,-0.12166666666666667
769,765,5,3,1,3,1,0.5822222222222224,0.13317229153823448,-0.06888888888888887
770,766,5,4,0,4,1,0.8022222222222222,0.40266210822647314,0.22055555555555556
771,767,5,3,1,2,1,0.40444444444444444,-0.4316550288324148,-0.13944444444444448
772,768,5,3,1,3,1,0.5133333333333334,-0.5223770002827279,0.2250000000000001
773,769,5,3,0,3,1,0.5333333333333334,-0.0906554637828837,0.10499999999999998
774,770,5,2,1,3,1,0.1866666666666667,-0.4096708792066092,-0.3350000000000001
775,771,5,3,1,2,1,0.3288888888888889,-0.7535647360454503,0.07388888888888888
776,772,5,3,1,2,1,0.3066666666666667,-0.8746316081945158,0.31388888888888883
777,773,5,2,0,2,0,-0.33333333333333337,-0.7194745094595396,-0.18833333333333338
778,774,5,2,1,1,0,-0.45777777777777784,-0.08015866218730898,-0.18000000000000002
779,775,5,1,0,1,0,-0.1111111111111112,-0.7346719940055462,-0.11722222222222227
780,776,5,2,1,1,0,0.022222222222222254,-0.4920700811776341,0.002777777777777812
781,777,5,3,0,3,1,0.09777777777777774,-0.7013065670223948,-0.03722222222222225
782,778,5,3,0,2,1,0.1733333333333333,-0.5200461611306706,0.0027777777777778013
783,779,5,2,0,2,1,0.12888888888888891,-0.6710106911094695,0.2072222222222222
784,780,5,3,0,3,1,0.21999999999999997,-0.004589197251432797,0.16277777777777777
785,781,5,3,1,3,1,0.528888888888889,-0.3242178081216495,0.20722222222222228
786,782,5,3,1,3,0,0.16444444444444445,0.009744171159241689,0.09611111111111108
787,783,5,3,1,3,1,0.4177777777777778,-0.34431710404214405,-0.023888888888888894
788,784,5,3,1,3,1,0.5488888888888889,-0.2605970828685034,0.385
789,785,5,3,1,2,1,0.3733333333333334,-0.6666719796975216,-0.04166666666666668
790,786,5,2,0,2,1,-0.19111111111111112,-0.3273699930053009,0.08722222222222223
791,787,5,2,0,3,1,0.06222222222222227,-0.36571703941366085,-0.015000000000000017
792,788,5,2,0,2,0,0.05777777777777782,-0.49415553050831285,-0.08166666666666669
793,789,5,3,0,3,1,0.24888888888888894,-0.9678157903316006,0.21166666666666667
794,790,5,2,1,2,1,0.26666666666666666,-0.41496963480561605,0.06944444444444449
795,791,5,3,0,2,0,0.013333333333333374,-0.8176551430769358,-0.1527777777777778
796,792,5,2,1,2,0,-0.062222222222222234,-0.5927760908250558,-0.14833333333333337
797,793,5,2,0,2,0,0.03111111111111109,-0.41151116677878036,-0.16166666666666668
798,794,5,2,0,2,0,-0.4466666666666666,-0.3705557243053029,-0.1305555555555556
799,795,5,3,0,3,0,0.3111111111111111,-0.39741275206762,-0.06833333333333338
800,796,5,2,1,2,1,-0.004444444444444484,-0.5134665235495185,-0.303888888888889
801,797,5,3,0,2,1,0.39555555555555555,-0.6633706739396816,-0.010555555555555585
802,798,5,3,0,2,1,0.31111111111111106,-0.3339506172254684,0.09166666666666667
803,799,5,4,1,3,1,0.6888888888888891,0.08442579320314562,0.2694444444444445
804,800,5,4,1,3,1,0.6844444444444444,0.12447208383832746,0.30055555555555563
